
320305
320302
320303
371081
500235
500238
210911
330105
330104
330106
350111
330103
330102
410902
500236
370883
330109
330108
371082
211103
360802
530103
410702
410703
341282
341222
420112
420113
420111
130903
130902
420114
420115
440607
441802
420981
420984
421221
340102
340103
340104
620502
330421
420624
520111
500101
441602
440183
445121
230421
500102
370811
410411
520112
210113
220303
220302
500105
230183
653125
361125
340811
361127
361126
361128
330402
140802
320481
320482
140502
420527
222401
610502
222404
140109
350602
522728
370112
371102
360421
140322
411503
411502
150781
511181
640104
320830
511621
210381
441203
441202
330782
330324
330327
330326
140829
360111
440305
440304
440307
440306
420804
440303
230111
230110
130108
421003
440308
513401
210504
411202
540102
469002
141121
141122
430923
451002
130424
130103
130927
130421
451302
370982
430408
511302
511303
370211
370213
370212
410825
370214
230605
230604
445281
321324
321322
230602
441481
321281
460108
370283
320502
320505
320506
320507
410182
420116
210702
210703
350581
420203
110106
130726
360202
130684
321102
150502
410223
430102
430103
430104
430105
140110
610104
110102
440604
440605
440606
610103
511011
131082
411104
370911
810002
231121
411102
210404
210402
522601
511402
110101
130203
130207
610102
440511
130202
231025
420202
341702
230302
420204
140203
140202
450722
220582
220581
320611
410311
510129
331082
331081
211302
510124
510303
510302
510304
511902
430211
310107
310106
310105
310104
310101
341124
442001
650102
650103
650104
650105
310109
310108
420684
441284
210102
210103
210104
210105
210106
220103
210304
320684
330624
350213
330621
350211
321111
330185
130502
230203
330183
230622
610725
360124
230202
360122
360123
610722
360121
440204
440205
330211
410781
410782
330212
210114
520302
520303
210211
210212
210213
340203
340202
410522
340207
330225
410325
431002
652324
320311
130804
320114
130802
130803
532801
350103
350102
511724
511725
141002
510122
330182
410102
410711
360723
320829
610602
542421
440111
440112
440113
440114
440115
440116
420103
420102
420105
420104
420107
420106
350403
320382
419001
321311
510704
610428
340111
320921
320924
320925
210904
512022
431302
460201
230822
441702
422822
441901
422827
620503
211003
440184
410403
410402
220702
340803
220524
530302
421083
421081
370687
460105
451423
460107
460106
331021
331023
331024
450502
330205
140882
450503
320724
610323
610324
320722
510112
220202
220203
220204
510114
510115
330523
330521
140725
140726
330703
330702
440804
441402
440802
440803
230124
429006
361181
150902
350503
350502
410104
410105
445202
410108
510623
410103
150202
411402
411403
341324
652201
320581
320582
320583
320584
320585
330903
330902
140830
650106
330411
513433
371623
320211
130929
410811
130534
110117
210803
130926
130921
110113
130923
110111
150724
411628
469003
411624
411625
411626
411627
513221
411621
411622
411623
421102
530121
330203
330110
441302
441303
330381
320104
350982
320106
310115
320102
610802
210711
130323
130322
331002
230223
230225
430503
610113
431125
610111
610116
430111
610114
510802
321183
321182
320811
451202
370203
370902
511002
211281
220181
222406
350481
211121
410726
110114
410724
410725
360302
652801
110115
321002
321003
150403
120106
110112
120104
120105
120102
120103
120101
440507
420606
340304
430703
341424
370613
140602
411002
150723
320602
510681
130602
450107
420281
450102
450103
130604
450108
511502
451102
510703
430203
430202
330424
310114
430204
341602
520222
621227
500103
350626
210112
500106
500107
500108
500109
320682
350212
231085
231081
220822
231083
610481
370611
130105
130104
522702
130102
210502
130503
131003
140303
370303
120116
370306
350181
650203
532901
120113
220724
411702
511602
620102
330226
410305
210203
210202
421023
210204
450204
522224
450203
450202
140411
320412
320922
630105
630103
610721
130402
130403
320323
320324
130404
610723
410928
330382
440106
440105
440104
440103
410481
330122
441827
340302
340303
510682
510683
320105
451022
350981
370781
360730
150303
150302
451021
321302
360222
370802
341202
230406
430124
230403
610124
430121
130703
130702
340123
150602
530702
220281
440783
410202
440785
620825
140108
210782
410822
610126
411681
211402
211403
450222
511421
371421
370104
620702
140728
371002
310230
431202
371422
411526
411525
411524
411481
350427
542301
371424
220802
410506
140181
410505
410502
510104
510107
510106
510108
370523
220211
330304
330303
330302
360681
433125
420802
370702
360102
150627
370181
510322
141102
450481
340702
340703
350902
310120
140823
370782
330783
140981
330781
430903
440882
440883
440881
130521
410802
230112
110108
130526
130529
320206
110107
320204
320203
320202
421002
445302
530111
530112
610112
330602
441502
610125
652301
210882
330802
610702
220102
211202
350402
220106
220105
220104
320113
320111
320116
320115
320612
210902
441881
441882
520102
520103
230109
131102
130984
130983
411081
411082
330282
330283
320803
350121
640302
341503
341502
350125
310110
371402
420821
310112
420222
659001
610402
610404
621102
120115
653101
350104
120111
120110
420583
120112
341122
310116
500116
231005
500237
500115
231002
231003
450512
350504
450702
430602
150423
370102
422802
341203
321088
422801
370105
321084
360402
321081
331122
430482
542621
341802
500119
500118
210282
210281
500114
500113
500112
360403
500110
320703
320706
320705
440402
440403
610304
420902
610302
610303
440404
341302
330503
330502
411522
320826
411303
411302
140926
370705
522424
450803
450802
430304
522423
445221
330481
340221
330483
360104
210604
330723
510603
330727
330726
610629
411424
430406
210603
210602
230102
370602
230104
341102
430302
320402
320405
320404
130828
440703
440705
440704
210781
371329
130821
130823
360729
130825
131181
411602
510504
510502
370202
513321
231181
231182
450304
450305
110105
450302
450303
140702
340311
320411
210302
210303
420503
320381
512002
420303
420302
321112
220881
230204
140429
150103
150102
150105
150104
620402
370704
420502
321283
320902
320903
511025
511024
370685
220722
610115
370681
371322
430521
140105
140106
140107
420506
150203
341321
350206
150204
210411
510105
231283
331003
230804
220602
331004
220502
210311
360281
130603
350783
150422
141182
141181
150421
451402
450404
340223
410302
410303
140211
350583
421303
330482
410823
350582
360103
411103
411023
500111
510131
510132
361002
440823
440825
371428
441421
360731
211221
420704
330921
440811
330881
430405
510722
310118
371502
610824
410503
610821
150122
520201
231221
231222
310113
231224
522401
231226
310117
370103
450105
152525
511802
131026
410122
431103
511721
230108
131182
350802
522324
530102
411425
620121
330206
430407
350203
360782
350205
320205
450902
421123
421124
421126
441322
510181
320281
330682
330681
230103
410883
340403
654023
410728
